0 0 9 8 0 0 0 0 0 0 0 0 0 5 9 5 8 2 1 4 0 0 0 0 2 0 0 0 0 9
0 0 0 0 0 0 0 0 0 0 0 0 0 0 9 9 9 9 9 0 0 0 0 0 0 0 0 0 0 0
0 0 0 0 0 0 0 0 0 0 0 0 0 9 0 0 0 0 0 9 0 0 0 0 0 0 0 0 0 0
0 0 0 0 5 7 8 9 0 0 0 0 0 0 0 0 0 0 0 0 0 0 0 7 8 9 2 5 6 9
0 0 0 0 0 0 0 0 0 0 0 0 0 9 0 9 0 9 0 9 0 9 0 9 0 9 0 9 0 9
8 0 8 0 8 0 8 0 8 0 8 0 8 0 8 0 8 0 8 0 8 0 8 0 8 0 8 0 8 0
9 0 9 0 9 0 9 0 9 0 9 0 9 0 9 0 9 0 9 0 9 0 9 0 9 0 9 0 9 0
9 9 9 9 9 9 9 9 9 9 9 9 9 9 9 9 9 9 9 9 9 9 9 9 9 9 9 9 9 9
0 0 0 0 0 0 0 0 0 0 0 0 0 5 5 0 5 0 5 0 5 0 5 4 7 8 6 3 2 1
6 9 0 8 7 4 0 8 5 0 4 9 6 2 4 8 6 0 0 0 5 5 9 9 5 8 5 4 8 7
5 5 5 5 5 5 5 5 5 5 5 5 0 0 0 0 5 8 9 6 3 2 1 4 5 8 9 6 3 2
6 3 2 5 1 4 7 8 9 6 3 5 4 0 0 0 0 2 5 8 9 6 3 2 1 4 4 7 0 0
0 0 0 0 0 0 0 0 0 0 0 0 4 6 9 6 3 9 6 5 1 2 5 4 7 8 9 6 3 2
0 0 0 0 0 1 4 7 4 1 5 8 6 8 5 0 5 0 7 8 5 8 5 2 4 7 8 9 6 2 
0 0 9 8 0 0 0 0 0 0 0 0 0 5 9 5 8 2 1 4 0 0 0 0 2 0 0 0 0 9
0 0 0 0 0 0 0 0 0 0 0 0 0 0 9 9 9 9 9 0 0 0 0 0 0 0 0 0 0 0
0 0 0 0 0 0 0 0 0 0 0 0 0 9 0 0 0 0 0 9 0 0 0 0 0 0 0 0 0 0
0 0 0 0 5 7 8 9 0 0 0 0 0 0 0 0 0 0 0 0 0 0 0 7 8 9 2 5 6 9
0 0 0 0 0 0 0 0 0 0 0 0 0 9 0 9 0 9 0 9 0 9 0 9 0 9 0 9 0 9
8 0 8 0 8 0 8 0 8 0 8 0 8 0 8 0 8 0 8 0 8 0 8 0 8 0 8 0 8 0
